00001111000111110001111100011111000111110111111111111111011111110001111100011111000111110001111100001111
00000100000000010001001100000011000001111011001100001111001011110000001100101111010010010000010000000011
100001111110000
000011111100001
001110010111100101111010011011101110110011111010111110101110110001101110011110100111100100111001
001110000111101001111111011011011110110011111010111110101110110001101101011111110111101000111000
000000000000111000011000101111100110110100111101001111000011110101101101101111100001100000001110
000000000111100000011101101111100110110000111100001111000011110001101100101111100001110101111000
000000000000000000011010001111010110100011111100111111000110100000111101000110100000000000000000
000000000000000000011001001110100110110111111010111110100110110100111010000110010000000000000000
0000100000110000111100110111011111011111001110100111111011111101110100111110001111100110111001111000011000000100
0001000100100101000100010100100000101000100000000010001010000010010100010001010010010001000
0000011111000011110000011111000011111111111111111111111111000111111000001111100000111111000111111111111111111111111111000011111100000111110000001111110000011111
0000111100000111100001111100001111110000111111111101111111110011111100001111110000111111000011111111011111111111111100001111110000011111100000011111000000111100
000000011111111110000000000001111111111111000000000011111000000111110000001111110111111011111100011111101100001101111110111111101100001101111111111111101111111101111111111111111111111111111111100001111111111111110000100001111111111111110000111111100011110001111111111111101111111101111110111110011111111001111100011110011111111001111000001100001111110000110000000000000111100000000000
000000011111111110000000000001111111111111000000000011111000000111110000001111110110001101111110011111101111111101111110111111101111111101111111111111101100001101111111111111111111111111111111010011111111111111110010010011111111111111110010111111100011110001111111111111100011110001111111011111000011110000111110001111000011110000111100000110000001100000011000000000000011110000000000